115.001265
115.471100
113.277155
115.158507
115.353152
113.871586
-0.460459
-0.465919
0.040605
-0.380194
0.132543
-0.348888
115.736372
115.042457
113.725919
114.968301
115.167292
114.036079
114.745509
114.905522
113.332846
115.299848
115.395054
113.736231
115.038925
115.386357
113.656992
115.590654
115.936929
114.290212
114.946838
115.451142
113.686987
115.862947
115.305954
114.058839
115.566907
115.520780
113.408490
115.459765
115.712824
113.770803
114.986656
115.943966
113.656343
115.230090
115.679149
114.012540
0.104660
-0.075363
-0.403030
-0.285736
-0.216966
-0.296813
-0.206886
0.365335
0.440509
0.186823
-0.199088
-0.119343
-0.206898
-0.139129
-0.202917
0.196719
115.594560
-0.186363
115.460213
115.276058
115.637085
115.528673
115.709573
115.481820
-0.062286
-0.343481
0.313640
-0.031110
-0.281447
0.362491
-0.293417
-0.471697
-0.341672
0.475242
-12.479352
0.192025
0.107253
-0.420546
-12.478352
-0.198477
