92.131667
90.741326
90.151611
92.129414
90.623378
90.179105
-0.460459
-0.465919
0.040605
-0.380194
0.132543
-0.348888
92.868409
90.312962
90.600639
91.940806
90.437797
90.343859
91.879792
90.176411
90.207929
92.274547
90.665943
90.044369
92.168811
90.656495
90.531364
92.561057
91.207067
90.597649
92.078042
90.721505
90.561572
92.834638
90.576317
90.366486
92.695913
90.790767
90.282720
92.429308
90.982811
90.078099
92.118431
91.214426
90.531020
92.202338
90.949609
90.320278
0.104660
-0.075363
-0.403030
-0.285736
-0.216966
-0.296813
-0.206886
0.365335
0.440509
0.186823
-0.199088
-0.119343
-0.206898
-0.139129
-0.202917
0.196719
90.700823
-0.186363
90.566496
90.382442
90.743112
90.634844
90.815731
90.587835
-0.062286
-0.343481
0.313640
-0.031110
-0.281447
0.362491
-0.293417
-0.471697
-0.341672
0.475242
0.000534
0.192025


-0.471697
-0.341672
0.475242
-12.392277
0.192025
